chr1	2685000	2710000	chr1	2850000	2970000	1.4913153096054555e-09
chr1	7800000	7815000	chr1	7880000	7965000	2.3262038249069337e-20
chr1	18375000	18380000	chr1	18505000	18565000	0.00019305476876622197
chr1	26040000	26045000	chr1	26105000	26175000	1.1164050215523242e-21
chr1	31065000	31080000	chr1	31135000	31175000	0.010693977786377075
chr1	33370000	33385000	chr1	33440000	33485000	4.044566693265205e-06
chr1	35640000	35645000	chr1	35700000	35730000	0.0001374171346139614
chr1	44415000	44420000	chr1	44485000	44560000	1.8830898290257175e-09
chr1	52545000	52570000	chr1	52630000	52710000	0.0018379212962202894
chr1	67565000	67570000	chr1	67645000	67730000	6.971492959849387e-08
chr1	79245000	79270000	chr1	79390000	79670000	3.3232554597718844e-21
chr1	81415000	81430000	chr1	81505000	81575000	0.00014628898610584353
chr1	89625000	89650000	chr1	89710000	89800000	2.4502441996199044e-17
chr1	92750000	92755000	chr1	92810000	92840000	6.699884536984262e-07
chr1	112950000	112965000	chr1	113020000	113080000	2.2030520571063367e-06
chr1	114570000	114595000	chr1	114670000	114775000	4.314399718375438e-11
chr1	121020000	121035000	chr1	121085000	121120000	0.0006588173277582774
chr1	148120000	148125000	chr1	148210000	148330000	1.7013154959090285e-08
chr1	150050000	150075000	chr1	150150000	150215000	0.019223491759520758
chr1	162875000	162890000	chr1	163005000	163140000	4.85293475368745e-11
chr1	165725000	165730000	chr1	165870000	165925000	7.623888553129713e-06
chr1	171520000	171535000	chr1	171555000	171615000	1.8725804044229508e-13
chr1	180625000	180650000	chr1	180770000	180855000	4.784169434290252e-06
chr1	184810000	184845000	chr1	184915000	185005000	0.000400749292193302
chr1	185300000	185325000	chr1	185590000	185695000	3.1614057321911977e-09
chr1	189860000	189865000	chr1	190210000	190350000	4.843965966247441e-10
chr1	196750000	196775000	chr1	196825000	196890000	0.0007531253105223515
chr1	206190000	206195000	chr1	206265000	206295000	1.359733583928983e-09
chr1	207260000	207265000	chr1	207340000	207375000	0.027013571927366465
chr1	209250000	209255000	chr1	209330000	209375000	0.00017296634648137951
chr1	216300000	216325000	chr1	216505000	216630000	1.696367859137523e-11
chr1	222645000	222660000	chr1	222715000	222750000	0.012158007777714842
chr1	223555000	223560000	chr1	223610000	223700000	1.7202158688660026e-124
chr1	226000000	226005000	chr1	226060000	226155000	2.4586745908672994e-14
chr1	230425000	230450000	chr1	230520000	230580000	0.038391651177806324
chr1	235850000	235875000	chr1	235940000	236000000	0.004812112952607476
chr1	244045000	244060000	chr1	244210000	244275000	0.008569063465210207
chr1	248420000	248465000	chr1	248565000	248755000	4.729298376988817e-26
chr1	12790000	12870000	chr1	12940000	12955000	2.6395226497902575e-15
chr1	12815000	12905000	chr1	13100000	13135000	1.3560983180907868e-06
chr1	16510000	16605000	chr1	16790000	16805000	3.7366205753697664e-06
chr1	21205000	21245000	chr1	21600000	21605000	0.0010190798360371698
chr1	23045000	23205000	chr1	23265000	23290000	6.899880243717145e-09
chr1	45295000	45355000	chr1	45575000	45590000	0.0025403994179899834
chr1	54470000	54575000	chr1	54795000	54820000	0.0036899850327942367
chr1	70245000	70355000	chr1	70405000	70430000	1.0624539150586206e-26
chr1	77705000	77810000	chr1	77890000	77905000	0.00013052870847623095
chr1	104085000	104170000	chr1	104250000	104275000	0.0008981935837647941
chr1	111775000	111840000	chr1	111980000	112005000	0.04931765238241864
chr1	116150000	116215000	chr1	116370000	116395000	0.033093187192157
chr1	119745000	119970000	chr1	120145000	120150000	3.44053580940554e-65
chr1	147855000	147970000	chr1	148080000	148095000	2.355993589063391e-12
chr1	148395000	148440000	chr1	148495000	148510000	0.000961573395667666
chr1	149870000	149990000	chr1	150040000	150065000	3.433634560776134e-18
chr1	150205000	150260000	chr1	150345000	150370000	0.010570524714930215
chr1	150620000	150690000	chr1	150815000	150820000	0.0001884176541902567
chr1	175590000	175720000	chr1	175870000	175895000	0.04195610971637657
chr1	180180000	180280000	chr1	180420000	180425000	7.004028913505002e-07
chr1	212655000	212875000	chr1	212985000	213010000	4.938389037644662e-39
chr1	218260000	218335000	chr1	219060000	219085000	0.020617126690457198
chr1	225465000	225575000	chr1	225640000	225665000	1.1351392330448488e-26
chr2	9625000	9640000	chr2	9720000	9775000	0.0030651210968815627
chr2	33475000	33490000	chr2	33550000	33595000	0.042959474024405676
chr2	38330000	38335000	chr2	38465000	38505000	0.014477973457235376
chr2	42865000	42870000	chr2	42925000	42960000	3.5285042702919236e-05
chr2	44800000	44825000	chr2	44875000	44955000	2.945988917380648e-06
chr2	52420000	52425000	chr2	52570000	52645000	2.9612467076988093e-07
chr2	53020000	53035000	chr2	53175000	53260000	0.00011221431580288274
chr2	54100000	54125000	chr2	54485000	54745000	2.7766256364465907e-08
chr2	57905000	57920000	chr2	58050000	58185000	5.715878551889583e-19
chr2	58235000	58250000	chr2	58355000	58425000	0.0010204412304465078
chr2	63610000	63625000	chr2	63840000	63900000	0.02282087627716034
chr2	64135000	64150000	chr2	64220000	64260000	0.04961034637400344
chr2	81895000	81920000	chr2	81990000	82060000	0.010844940020780737
chr2	86810000	86825000	chr2	86880000	86955000	1.8319293826162736e-15
chr2	87230000	87255000	chr2	87300000	87555000	4.53180321265541e-55
chr2	87500000	87515000	chr2	87615000	87690000	0.03013093745689491
chr2	89680000	89695000	chr2	89785000	89830000	2.10477962207313e-06
chr2	89875000	89900000	chr2	89980000	90035000	0.013974483403794407
chr2	90380000	90385000	chr2	91860000	91915000	0.00020668844333679906
chr2	95420000	95445000	chr2	95510000	95585000	4.976069294737468e-13
chr2	95485000	95490000	chr2	95845000	95955000	2.0197510143649352e-07
chr2	109550000	109555000	chr2	109675000	109740000	1.2194398421396207e-08
chr2	111465000	111480000	chr2	111670000	111750000	3.4729150762004766e-09
chr2	111780000	111795000	chr2	111840000	111900000	3.280096714419503e-21
chr2	113745000	113760000	chr2	113875000	113940000	7.411527279673677e-05
chr2	137685000	137710000	chr2	137785000	137845000	0.017503599879657963
chr2	144155000	144170000	chr2	144360000	144525000	2.275489546317326e-05
chr2	146525000	146550000	chr2	146625000	146710000	2.9719818924642553e-05
chr2	152330000	152355000	chr2	152480000	152610000	1.2036389794905598e-05
chr2	153335000	153360000	chr2	153435000	153525000	4.2197126047505755e-05
chr2	156325000	156350000	chr2	156535000	156680000	5.0785607153596365e-06
chr2	161990000	162015000	chr2	162060000	162155000	1.190020984601594e-21
chr2	165790000	165795000	chr2	165855000	165885000	0.0031981464937849255
chr2	167955000	167980000	chr2	168060000	168145000	9.69263867702982e-07
chr2	171315000	171330000	chr2	171390000	171445000	2.750417530022197e-05
chr2	175700000	175705000	chr2	175790000	175935000	1.366060255037922e-14
chr2	182785000	182790000	chr2	182850000	182945000	5.555681882623825e-28
chr2	186490000	186515000	chr2	186605000	186845000	5.6021478385161104e-21
chr2	197500000	197515000	chr2	197690000	197765000	0.004575322359273854
chr2	198130000	198155000	chr2	198235000	198315000	2.7910567262130273e-07
chr2	203270000	203285000	chr2	203370000	203435000	0.0023309393786653224
chr2	204870000	204895000	chr2	205555000	205750000	5.625931635681032e-05
chr2	208265000	208280000	chr2	208335000	208370000	1.67921214230339e-05
chr2	210250000	210265000	chr2	210365000	210435000	0.0037625801118819167
chr2	215790000	215805000	chr2	215875000	215955000	1.1150638269223475e-09
chr2	7660000	7740000	chr2	7865000	7880000	2.8804786524759406e-07
chr2	8850000	8920000	chr2	8975000	9000000	2.235417457733265e-08
chr2	28565000	28625000	chr2	28755000	28760000	1.2527540876263452e-05
chr2	44980000	45050000	chr2	45165000	45180000	0.020643928014226817
chr2	51100000	51205000	chr2	51325000	51350000	0.0030459873031767094
chr2	51800000	51850000	chr2	52205000	52210000	0.04518355142635539
chr2	65255000	65320000	chr2	65430000	65445000	0.0009883944005320247
chr2	89560000	89620000	chr2	89670000	89695000	1.0542428587892219e-08
chr2	89575000	89685000	chr2	89750000	89765000	1.9800303288568142e-58
chr2	89755000	89835000	chr2	90390000	90405000	1.0935363911179137e-07
chr2	89620000	89670000	chr2	91410000	91425000	1.63044111745633e-05
chr2	91425000	91535000	chr2	91585000	91590000	7.294487490157818e-39
chr2	91835000	92020000	chr2	92055000	92090000	1.1392566289154403e-228
chr2	107870000	107935000	chr2	108495000	108500000	7.446363968126019e-07
chr2	156045000	156165000	chr2	156310000	156335000	0.0008896255151794688
chr2	154815000	154930000	chr2	156720000	156725000	0.00010537675331777618
chr2	162470000	162590000	chr2	162780000	162805000	2.960269888415201e-06
chr2	196060000	196110000	chr2	196330000	196345000	0.0033844087025150494
chr2	197375000	197435000	chr2	197485000	197500000	4.610946717788979e-26
chr3	3595000	3610000	chr3	3800000	3870000	0.00352081368525807
chr3	4490000	4515000	chr3	4575000	4640000	0.04389406694752054
chr3	16360000	16375000	chr3	16485000	16565000	9.530035733846401e-07
chr3	19055000	19080000	chr3	19160000	19630000	6.513990197246408e-47
chr3	24765000	24790000	chr3	24890000	25045000	5.154637482923296e-15
chr3	43885000	43900000	chr3	43970000	44030000	0.00028790770710652915
chr3	47005000	47020000	chr3	47320000	47420000	2.5311198666844403e-13
chr3	49945000	49950000	chr3	50055000	50090000	5.873259384611239e-06
chr3	54535000	54550000	chr3	54610000	54645000	0.0051626371516288
chr3	57750000	57765000	chr3	57830000	57880000	0.02428695917872691
chr3	75810000	75825000	chr3	76020000	76135000	5.686067273324985e-10
chr3	100325000	100330000	chr3	100595000	100630000	0.0397745062699082
chr3	105675000	105700000	chr3	106045000	106225000	0.00036155839366705213
chr3	107275000	107280000	chr3	107375000	107435000	1.3816007307300532e-06
chr3	113340000	113345000	chr3	113450000	113535000	0.026846857990358772
chr3	118885000	118920000	chr3	118995000	119135000	1.8901365440803295e-34
chr3	129835000	129850000	chr3	129905000	129950000	4.768900452455226e-06
chr3	133285000	133300000	chr3	133360000	133400000	0.023582399051192596
chr3	151470000	151475000	chr3	151610000	151740000	3.876930637749533e-08
chr3	156545000	156570000	chr3	157075000	157160000	3.568617035136251e-05
chr3	162780000	162805000	chr3	162925000	162985000	0.0064067650981035305
chr3	167400000	167425000	chr3	167485000	167755000	8.860837309631464e-30
chr3	171455000	171470000	chr3	171540000	171585000	0.005502194125437692
chr3	185355000	185370000	chr3	185500000	185590000	0.001294710386630864
chr3	191240000	191255000	chr3	191325000	191420000	2.5962090211024422e-12
chr3	9480000	9575000	chr3	9640000	9665000	5.957914071159344e-12
chr3	21500000	21580000	chr3	21740000	21755000	0.0016561983879934974
chr3	30755000	30820000	chr3	31205000	31210000	0.0003460315946294904
chr3	50620000	50705000	chr3	50885000	50910000	0.0019205650455749095
chr3	61545000	61620000	chr3	61680000	61705000	2.2387302855811785e-07
chr3	69665000	69725000	chr3	69780000	69805000	0.0033384190251733734
chr3	82630000	82780000	chr3	83510000	83535000	0.006430747344492464
chr3	90175000	90635000	chr3	90680000	90715000	1.1458275729686364e-37
chr3	104540000	104660000	chr3	105355000	105380000	1.540722089360657e-08
chr3	107925000	107995000	chr3	108075000	108100000	0.02024913647705417
chr3	113935000	113970000	chr3	114050000	114055000	0.005562291767736589
chr3	119180000	119205000	chr3	119435000	119440000	0.047614163626437764
chr3	119410000	119585000	chr3	119670000	119695000	1.848488806041562e-33
chr3	121535000	121590000	chr3	121650000	121665000	0.002253947528380772
chr3	148725000	148755000	chr3	148870000	148875000	0.009355380182855309
chr3	151430000	151520000	chr3	151650000	151675000	0.0014722261124751786
chr3	152535000	152645000	chr3	152820000	152845000	0.006121752209994384
chr3	156165000	156210000	chr3	156385000	156390000	0.0020491073488254122
chr3	160030000	160110000	chr3	160340000	160345000	0.001487612319405893
chr3	161540000	161620000	chr3	161685000	161700000	1.833418867368996e-07
chr4	3985000	4020000	chr4	4075000	4175000	1.1333795564779618e-10
chr4	5895000	5900000	chr4	5960000	5985000	0.001403430753140439
chr4	9145000	9160000	chr4	9500000	9570000	0.0490832158937048
chr4	10460000	10465000	chr4	10525000	10555000	2.798486995476983e-05
chr4	16810000	16825000	chr4	16890000	16930000	0.022728832573817612
chr4	20555000	20580000	chr4	20640000	20710000	0.009506362167993934
chr4	23370000	23385000	chr4	23595000	23665000	0.00026667653123246403
chr4	24580000	24595000	chr4	24650000	24710000	3.0016620265862845e-11
chr4	26855000	26880000	chr4	26945000	27020000	2.5254734033536508e-05
chr4	27170000	27185000	chr4	27280000	27360000	3.762722419085391e-05
chr4	40740000	40765000	chr4	40825000	40930000	0.0003405622991889906
chr4	54100000	54125000	chr4	54180000	54245000	0.001100902314040906
chr4	57430000	57455000	chr4	57995000	58310000	3.887584089890189e-10
chr4	58870000	58875000	chr4	58940000	58995000	4.119208490288659e-12
chr4	61760000	61775000	chr4	61865000	61985000	1.4581615929960377e-08
chr4	67920000	67925000	chr4	68155000	68215000	7.451422336393893e-05
chr4	70820000	70845000	chr4	70920000	71055000	3.3119760819188123e-16
chr4	81410000	81415000	chr4	82175000	82260000	5.6333854494653445e-05
chr4	87690000	87715000	chr4	87775000	87830000	0.006595353984002477
chr4	96485000	96490000	chr4	97100000	97175000	0.00019451204951932891
chr4	99105000	99130000	chr4	99375000	99490000	6.750885926466176e-18
chr4	107745000	107770000	chr4	107875000	107960000	2.125763772969662e-06
chr4	110335000	110360000	chr4	110440000	110540000	3.7793956159438034e-12
chr4	110620000	110645000	chr4	110970000	111295000	4.722375309833578e-06
chr4	111945000	111950000	chr4	112005000	112070000	2.359849311747474e-30
chr4	116050000	116065000	chr4	116150000	116235000	0.0002255476848848463
chr4	118080000	118095000	chr4	118175000	118245000	0.007942633238609989
chr4	124115000	124130000	chr4	124245000	124300000	2.0453717065116458e-05
chr4	130550000	130575000	chr4	130715000	130825000	5.166037297449454e-06
chr4	138185000	138210000	chr4	138485000	138570000	1.8497588910412148e-05
chr4	152980000	152985000	chr4	153055000	153120000	0.002032031612282421
chr4	153425000	153440000	chr4	153550000	153595000	0.0035293745005142148
chr4	155025000	155030000	chr4	155175000	155220000	0.022567585102639467
chr4	163820000	163835000	chr4	163940000	163995000	0.022432971874502602
chr4	168695000	168720000	chr4	168825000	168940000	5.757120261280114e-12
chr4	174355000	174380000	chr4	174570000	174760000	4.64355223932478e-31
chr4	175945000	175970000	chr4	176020000	176130000	9.763692462208592e-08
chr4	186595000	186610000	chr4	186685000	186735000	0.021404822191628817
chr4	27040000	27090000	chr4	27165000	27180000	0.001553604918215471
chr4	53900000	53970000	chr4	54095000	54120000	0.03311762300575823
chr4	54965000	55015000	chr4	55075000	55080000	3.8345146301793013e-05
chr4	58800000	58855000	chr4	58920000	58925000	4.187547003940972e-09
chr4	92245000	92340000	chr4	92425000	92450000	1.1233566217693685e-09
chr4	98135000	98185000	chr4	98245000	98260000	0.01635820367109239
chr4	98455000	98530000	chr4	98650000	98665000	0.00020134922588140925
chr4	98855000	98915000	chr4	99060000	99075000	0.001078322669997302
chr4	140830000	140910000	chr4	141130000	141155000	5.1196481544418024e-05
chr4	161275000	161310000	chr4	161425000	161430000	0.00376693013619563
chr4	161600000	161935000	chr4	162155000	162180000	9.926418068465535e-13
chr5	5290000	5305000	chr5	5375000	5420000	0.006388748654462699
chr5	17515000	17530000	chr5	17600000	17885000	7.401207606987233e-19
chr5	25445000	25470000	chr5	25535000	25605000	0.010937247945390617
chr5	31395000	31420000	chr5	31495000	31555000	0.027964932237015648
chr5	31570000	31595000	chr5	31750000	31945000	9.658805404441334e-20
chr5	31665000	31680000	chr5	31750000	31835000	2.731417905175351e-09
chr5	35655000	35660000	chr5	35740000	35810000	0.008859556741660382
chr5	50660000	50675000	chr5	50730000	50770000	0.006914946212019165
chr5	59500000	59525000	chr5	59595000	59740000	5.1694826747597985e-18
chr5	64960000	64965000	chr5	65475000	65525000	0.014590573002617515
chr5	65925000	65940000	chr5	66010000	66065000	0.00034411138482368716
chr5	77840000	77855000	chr5	77980000	78035000	0.00010610463765339547
chr5	80185000	80190000	chr5	80245000	80285000	1.6714472687762957e-07
chr5	111825000	111850000	chr5	112090000	112175000	0.005725911570301066
chr5	119260000	119285000	chr5	119360000	119455000	9.668007774487718e-09
chr5	131155000	131180000	chr5	131360000	131435000	0.0024559577679427852
chr5	131265000	131280000	chr5	131335000	131395000	2.4674773837481567e-08
chr5	135025000	135050000	chr5	135460000	135565000	1.706713955526993e-05
chr5	137500000	137515000	chr5	137590000	137635000	0.03005701812576112
chr5	139875000	139880000	chr5	139950000	139990000	0.0013092804765658798
chr5	140445000	140450000	chr5	140515000	140550000	0.0013289533493918428
chr5	141405000	141430000	chr5	141480000	141585000	1.7246584899251895e-41
chr5	151525000	151530000	chr5	151620000	151665000	1.3425380485459534e-06
chr5	158935000	158960000	chr5	159035000	159125000	3.983610044102434e-07
chr5	159335000	159340000	chr5	159415000	159445000	0.02070591176878844
chr5	163815000	163830000	chr5	163950000	164015000	0.007270424373972128
chr5	168115000	168130000	chr5	168180000	168250000	9.570127727693274e-21
chr5	175915000	175930000	chr5	177910000	178275000	1.9108753209890952e-92
chr5	177135000	177140000	chr5	177245000	177310000	3.27641217213428e-12
chr5	11240000	11340000	chr5	11480000	11505000	0.0004782204531311747
chr5	17185000	17280000	chr5	17515000	17530000	1.1512860795541194e-12
chr5	31395000	31430000	chr5	31510000	31515000	0.006309045422046229
chr5	31475000	31535000	chr5	32385000	32390000	0.029234633211430706
chr5	33085000	33225000	chr5	33380000	33385000	9.811305186098191e-12
chr5	34510000	34580000	chr5	34640000	34665000	0.00023757053074303843
chr5	69215000	69560000	chr5	70440000	70445000	1.8541203261280016e-126
chr5	71460000	71495000	chr5	71550000	71555000	0.010000466129404655
chr5	77590000	77700000	chr5	77835000	77860000	8.718697118056291e-06
chr5	84220000	84310000	chr5	84365000	84390000	3.699718648680294e-05
chr5	122805000	122925000	chr5	122985000	123000000	1.1625657030709622e-06
chr5	134895000	134945000	chr5	135015000	135030000	3.094446545251227e-05
chr5	144180000	144275000	chr5	144380000	144405000	6.819223930569163e-07
chr5	154635000	154690000	chr5	154745000	154760000	5.402038269108238e-10
chr6	7900000	7925000	chr6	7980000	8050000	0.0019685976477340212
chr6	12745000	12760000	chr6	12830000	12905000	1.2154734046401087e-06
chr6	15025000	15040000	chr6	15200000	15255000	0.03688800715900149
chr6	15535000	15540000	chr6	15605000	15645000	8.080128441466326e-09
chr6	19470000	19485000	chr6	19785000	19885000	5.419481197605685e-05
chr6	24065000	24090000	chr6	24160000	24275000	2.1233768284077532e-14
chr6	26610000	26615000	chr6	27045000	27135000	5.8057331825574445e-21
chr6	26735000	26760000	chr6	26920000	27765000	0.0
chr6	27350000	27375000	chr6	27430000	27485000	0.005251629849147485
chr6	31970000	31985000	chr6	32045000	32130000	1.73301058324108e-18
chr6	34890000	34905000	chr6	34960000	34995000	0.043272372932928044
chr6	53545000	53550000	chr6	53620000	53660000	9.501438023091686e-05
chr6	57345000	57360000	chr6	57505000	57615000	2.6396815908614725e-05
chr6	57980000	57995000	chr6	58365000	58440000	1.0406964508139352e-09
chr6	61300000	61325000	chr6	61490000	61580000	4.512768657613775e-06
chr6	61405000	61420000	chr6	61520000	61690000	1.5282955386546724e-05
chr6	71185000	71200000	chr6	71285000	71360000	3.9903892296621695e-09
chr6	76375000	76400000	chr6	76570000	76685000	3.915838840260451e-05
chr6	78245000	78270000	chr6	78345000	78400000	0.007798498573595291
chr6	83420000	83435000	chr6	83490000	83545000	1.2058129578277175e-06
chr6	93835000	93870000	chr6	93980000	94090000	3.906951275372645e-06
chr6	94630000	94655000	chr6	94935000	95170000	1.5736126016826924e-18
chr6	96620000	96645000	chr6	96805000	96920000	0.004522997511943803
chr6	106610000	106625000	chr6	106920000	106985000	0.0026131440020450676
chr6	107490000	107515000	chr6	107585000	107685000	1.0260168554146466e-10
chr6	111875000	111890000	chr6	111955000	112010000	0.0041876980063856595
chr6	118645000	118660000	chr6	118735000	118795000	0.014964370530655424
chr6	124960000	124975000	chr6	125060000	125115000	0.004273973228654897
chr6	137485000	137500000	chr6	137575000	137645000	2.365970851607113e-07
chr6	141990000	142015000	chr6	142065000	142135000	0.0018053898700914057
chr6	154500000	154515000	chr6	154595000	154675000	0.0005782471972023051
chr6	154995000	155000000	chr6	155115000	155190000	1.5918306649073486e-05
chr6	158815000	158830000	chr6	158900000	158970000	7.010251732524914e-07
chr6	160545000	160550000	chr6	160610000	160655000	1.521826504354357e-14
chr6	167380000	167405000	chr6	167515000	167580000	0.002429146340668013
chr6	167575000	167590000	chr6	167650000	167715000	1.2783341433260763e-07
chr6	10465000	10575000	chr6	10680000	10705000	6.902509870446422e-17
chr6	23380000	23460000	chr6	23650000	23665000	0.0271838184608577
chr6	26335000	26390000	chr6	26505000	26520000	0.0005980302857133736
chr6	26175000	26685000	chr6	26740000	26765000	0.0
chr6	57515000	57570000	chr6	57970000	57975000	0.013577296095792125
chr6	61230000	61340000	chr6	61495000	61510000	2.916874004577393e-20
chr6	93745000	93880000	chr6	94055000	94080000	0.00023439566939540115
chr6	94595000	94700000	chr6	95005000	95020000	2.943542599409544e-06
chr6	121415000	121520000	chr6	121605000	121630000	2.7333127752745572e-15
chr6	153195000	153270000	chr6	153545000	153570000	0.00596482018894816
chr6	159145000	159255000	chr6	159455000	159480000	7.745410670695868e-18
chr6	167500000	167585000	chr6	167640000	167655000	2.851067532282916e-27
chr7	11825000	11850000	chr7	12010000	12525000	1.3502292533278129e-49
chr7	16110000	16135000	chr7	16365000	16590000	3.53290125290289e-10
chr7	27835000	27840000	chr7	27910000	27945000	0.02345997775354951
chr7	31195000	31200000	chr7	31295000	31345000	0.0025704584373458235
chr7	36150000	36155000	chr7	36240000	36295000	0.0005921388964420537
chr7	43875000	43880000	chr7	43940000	43965000	9.985581036630098e-06
chr7	45395000	45420000	chr7	45580000	45715000	5.375608289697701e-07
chr7	55755000	55780000	chr7	55885000	55995000	3.0613510156384584e-15
chr7	61795000	61800000	chr7	61895000	61945000	3.6135186019343896e-05
chr7	61955000	61970000	chr7	62280000	62395000	3.503803012723654e-05
chr7	63370000	63385000	chr7	63485000	64770000	0.0
chr7	72505000	72520000	chr7	72600000	72655000	0.00038327433208895596
chr7	76440000	76455000	chr7	76550000	76630000	2.1863342364189906e-06
chr7	78130000	78145000	chr7	78205000	78250000	0.0019256146863524163
chr7	87935000	87950000	chr7	88075000	88135000	0.0034155138107698074
chr7	92625000	92630000	chr7	92825000	92890000	6.804944879859783e-08
chr7	100970000	100975000	chr7	101030000	101080000	2.009258791947113e-30
chr7	107575000	107590000	chr7	107695000	107760000	3.928985950611829e-05
chr7	114070000	114095000	chr7	114350000	114415000	0.0043178144186417754
chr7	121870000	121885000	chr7	121950000	122005000	0.002161016221562404
chr7	125045000	125070000	chr7	125290000	125375000	0.0006113162147694621
chr7	131095000	131120000	chr7	131230000	131330000	0.000552506871825163
chr7	132390000	132405000	chr7	132470000	132570000	0.002515990171579546
chr7	134995000	135000000	chr7	135155000	135205000	0.021758390509224294
chr7	141540000	141565000	chr7	141615000	141680000	6.189399407553382e-13
chr7	150120000	150135000	chr7	153930000	153975000	0.03542911647349878
chr7	154105000	154110000	chr7	154370000	154480000	1.8640631963301545e-05
chr7	21280000	21330000	chr7	21415000	21430000	0.019687042816948757
chr7	23075000	23115000	chr7	23170000	23185000	0.01719239804584376
chr7	42915000	42985000	chr7	43085000	43110000	0.00036190267351721985
chr7	51730000	51825000	chr7	52245000	52270000	0.02443235642409646
chr7	55755000	55810000	chr7	55875000	55890000	3.063885814222177e-05
chr7	62960000	63285000	chr7	63375000	63390000	4.9304032334157475e-83
chr7	65105000	65510000	chr7	65510000	65565000	1.9046530040280284e-21
chr7	67120000	67210000	chr7	67270000	67295000	9.376924665544359e-08
chr7	70825000	70900000	chr7	71115000	71140000	0.006367707405564192
chr7	78520000	78645000	chr7	78770000	78785000	0.0004746214697440594
chr7	91245000	91415000	chr7	91620000	91645000	4.5401513610796016e-14
chr7	114370000	114475000	chr7	114650000	114675000	0.0010200005024718361
chr7	122140000	122235000	chr7	122290000	122315000	0.04422779310797814
chr7	125010000	125125000	chr7	125300000	125325000	7.411989869449937e-10
chr7	139075000	139155000	chr7	139215000	139240000	2.871992339642973e-06
chr7	155400000	155535000	chr7	157010000	157015000	2.386553770285889e-13
chr7	158365000	158455000	chr7	158580000	158595000	3.480043989786949e-06
chr8	270000	275000	chr8	380000	705000	1.2456999395925237e-08
chr8	8060000	8085000	chr8	12535000	12680000	4.103802081150434e-55
chr8	11755000	11780000	chr8	11840000	12005000	5.714057903723955e-54
chr8	13730000	13745000	chr8	13885000	14085000	1.0120549479587364e-06
chr8	16585000	16610000	chr8	16705000	16800000	5.746163147610962e-14
chr8	19075000	19090000	chr8	19210000	19290000	0.00474366751185462
chr8	23590000	23605000	chr8	23655000	23725000	1.4028399506819517e-14
chr8	28490000	28505000	chr8	28560000	28615000	0.0001200884360733849
chr8	29880000	29895000	chr8	29975000	30030000	0.017187988887142302
chr8	35155000	35170000	chr8	35245000	35310000	0.0007000729407772568
chr8	52280000	52305000	chr8	52370000	52440000	0.0012106456204736343
chr8	55095000	55110000	chr8	55225000	55275000	0.00577320282526812
chr8	65870000	65885000	chr8	65980000	66040000	0.0001376277103584138
chr8	67495000	67520000	chr8	67730000	67810000	0.00010710226096401996
chr8	72660000	72685000	chr8	72765000	72830000	0.015564253467174851
chr8	73975000	73990000	chr8	74045000	74085000	0.0018071370786503893
chr8	85645000	85670000	chr8	85835000	86050000	1.571570945674208e-41
chr8	90080000	90095000	chr8	90195000	90275000	0.0077933277178845765
chr8	90990000	91005000	chr8	91060000	91250000	2.7022139317455522e-18
chr8	91455000	91460000	chr8	91800000	91870000	0.0017735407182299697
chr8	97455000	97470000	chr8	97525000	97575000	9.985318795517754e-08
chr8	102440000	102455000	chr8	102510000	102565000	0.0005845378513143455
chr8	106005000	106010000	chr8	106125000	106230000	2.272724182914462e-22
chr8	129590000	129605000	chr8	129665000	129705000	0.01882727469387824
chr8	131900000	131905000	chr8	131990000	132045000	0.0023881916703178533
chr8	133500000	133505000	chr8	133560000	133675000	0.003437260490145126
chr8	137560000	137565000	chr8	138025000	138135000	5.772261590239742e-10
chr8	4230000	4325000	chr8	4525000	4550000	2.565086093293521e-05
chr8	7055000	7170000	chr8	8100000	8135000	2.6705245392257756e-19
chr8	8560000	8685000	chr8	12230000	12235000	2.176795840759736e-12
chr8	13030000	13065000	chr8	13120000	13135000	1.5729098889683807e-07
chr8	14665000	14780000	chr8	16525000	16530000	8.158725567829579e-06
chr8	17930000	17955000	chr8	18020000	18025000	0.008917218953689849
chr8	42410000	42470000	chr8	42530000	42545000	5.288418519610597e-05
chr8	96475000	96520000	chr8	96580000	96595000	0.025179126516836445
chr9	380000	395000	chr9	485000	635000	8.076068820698126e-38
chr9	14850000	14875000	chr9	14970000	15050000	0.006756696628035585
chr9	15875000	15890000	chr9	16040000	16130000	4.0520504624428074e-06
chr9	19370000	19385000	chr9	19440000	19480000	0.00041091613253821466
chr9	23850000	23855000	chr9	24060000	24115000	0.012071071231851452
chr9	27575000	27590000	chr9	27660000	27735000	8.895858521057935e-07
chr9	60510000	60545000	chr9	63700000	63920000	0.0
chr9	61725000	61730000	chr9	65410000	65470000	9.220847551734939e-11
chr9	68690000	68715000	chr9	68955000	69045000	0.0001656151175359127
chr9	70645000	70650000	chr9	70860000	71050000	1.016741910079665e-21
chr9	72360000	72375000	chr9	72490000	72590000	1.4972701239609335e-09
chr9	80270000	80295000	chr9	80520000	80590000	0.012920865158500463
chr9	83835000	83850000	chr9	83900000	83935000	0.005852653365835559
chr9	88305000	88320000	chr9	88380000	88575000	6.720616882392388e-09
chr9	92315000	92340000	chr9	92595000	92690000	5.116588167227709e-09
chr9	97110000	97125000	chr9	97190000	97225000	0.04163513230805555
chr9	99005000	99010000	chr9	99090000	99160000	2.5393910254686695e-10
chr9	104180000	104195000	chr9	104320000	104395000	3.082030728296975e-07
chr9	104865000	104870000	chr9	104925000	105080000	1.3561926560060208e-06
chr9	106855000	106880000	chr9	106940000	107030000	2.8154234844459135e-06
chr9	112480000	112505000	chr9	112585000	112680000	0.0002226940590608329
chr9	122390000	122395000	chr9	122790000	122835000	0.00020116204813829184
chr9	124620000	124625000	chr9	124685000	124725000	1.285252148213725e-06
chr9	129495000	129510000	chr9	129560000	129630000	1.9087935340636292e-16
chr9	2845000	3010000	chr9	3010000	3060000	0.03923002892826081
chr9	6535000	6605000	chr9	6740000	6755000	0.01719167728045827
chr9	19035000	19100000	chr9	19365000	19380000	1.696163424455787e-07
chr9	27005000	27070000	chr9	27180000	27185000	0.0013456350006198774
chr9	35105000	35180000	chr9	35240000	35255000	1.188873486280864e-19
chr9	36185000	36240000	chr9	36335000	36340000	2.6334863171179555e-11
chr9	33530000	33645000	chr9	38545000	38570000	4.707380009597875e-12
chr9	43000000	43110000	chr9	43225000	43270000	0.018349822482726545
chr9	70635000	70670000	chr9	70840000	70845000	0.03462273784032977
chr9	87320000	87355000	chr9	87400000	87415000	2.5427117030431835e-06
chr9	102355000	102400000	chr9	102900000	102905000	0.004069606970851338
chr10	690000	695000	chr10	765000	805000	2.193974917927915e-08
chr10	17595000	17620000	chr10	17710000	17900000	8.69967892011187e-45
chr10	22250000	22275000	chr10	22470000	22550000	0.000342038572310386
chr10	37685000	37690000	chr10	39430000	39475000	0.007992173889556298
chr10	38510000	38525000	chr10	38915000	39005000	3.342101216247777e-16
chr10	41840000	41865000	chr10	42110000	42155000	0.0004984488763636832
chr10	52025000	52050000	chr10	52155000	52255000	2.2650390554424753e-18
chr10	58305000	58320000	chr10	58375000	58425000	0.0027358655691099355
chr10	60650000	60665000	chr10	60725000	60800000	9.231456046714351e-21
chr10	68080000	68095000	chr10	68150000	68185000	0.0440340796620481
chr10	68415000	68420000	chr10	68760000	68800000	2.0445703654476573e-05
chr10	68450000	68475000	chr10	68660000	68745000	0.0003045392738448823
chr10	79940000	79945000	chr10	80015000	80050000	0.0022761782437928937
chr10	92690000	92705000	chr10	92790000	92880000	1.7402107509783633e-07
chr10	94555000	94560000	chr10	94580000	94605000	0.0006571671979394276
chr10	99895000	99920000	chr10	99990000	100065000	0.014519781236772972
chr10	105550000	105555000	chr10	105815000	105930000	1.3814722522988734e-14
chr10	112555000	112580000	chr10	112685000	113170000	1.9232061065411545e-28
chr10	113910000	113925000	chr10	114070000	114125000	0.010983584695173278
chr10	114545000	114560000	chr10	114650000	114805000	2.8064392030372565e-15
chr10	118340000	118355000	chr10	118415000	118460000	0.0034342669192621972
chr10	118465000	118480000	chr10	118540000	118575000	0.014101358064683992
chr10	125860000	125875000	chr10	125930000	126065000	6.053981883447024e-25
chr10	11500000	11540000	chr10	11595000	11610000	0.012486519711394221
chr10	19740000	20400000	chr10	20755000	20780000	3.7368989726740156e-20
chr10	22545000	22630000	chr10	22705000	22730000	0.000139088017313999
chr10	36880000	36950000	chr10	37260000	37275000	0.020846466859817104
chr10	38450000	38510000	chr10	38580000	38595000	6.597462843034273e-19
chr10	38595000	38650000	chr10	38775000	38780000	1.0464542293231865e-07
chr10	38625000	38665000	chr10	39370000	39375000	0.037007383468172145
chr10	41770000	41870000	chr10	42070000	42105000	7.369194886062268e-10
chr10	46315000	46360000	chr10	47470000	47485000	0.00084273337090766
chr10	46475000	46525000	chr10	47885000	47900000	6.880129058130099e-19
chr10	47145000	47390000	chr10	48080000	48085000	8.955031686515714e-17
chr10	50145000	50225000	chr10	50740000	50765000	0.0019904622463105567
chr10	53305000	53355000	chr10	53480000	53495000	0.03888201295887207
chr10	106800000	106855000	chr10	107005000	107020000	0.02517961451269933
chr10	114415000	114490000	chr10	114535000	114560000	0.0003892969667880197
chr10	116810000	116930000	chr10	117080000	117085000	4.0198242357633427e-10
chr10	123980000	124025000	chr10	124090000	124105000	0.008272506634547287
chr10	126095000	126245000	chr10	126370000	126395000	1.427751560718521e-09
chr11	1975000	1990000	chr11	2080000	2130000	9.697525391817781e-05
chr11	7895000	7920000	chr11	7960000	8020000	5.60400446697311e-15
chr11	8385000	8390000	chr11	8540000	8575000	0.0024239914045181992
chr11	8605000	8610000	chr11	8670000	8695000	1.7871592074858957e-05
chr11	12670000	12695000	chr11	12815000	12925000	4.1218976211465534e-16
chr11	18520000	18545000	chr11	18680000	18800000	4.849702514367084e-06
chr11	22335000	22350000	chr11	22440000	22570000	4.410216411165294e-12
chr11	34000000	34005000	chr11	34065000	34165000	1.901627601674706e-13
chr11	35000000	35015000	chr11	35225000	35290000	0.017621887003013675
chr11	35935000	35950000	chr11	36030000	36080000	0.02720445095266138
chr11	37440000	37465000	chr11	37590000	37770000	3.611012234741255e-11
chr11	43315000	43340000	chr11	43390000	43505000	6.867382988661496e-25
chr11	47460000	47475000	chr11	47565000	47630000	0.003145433814663403
chr11	47625000	47650000	chr11	47705000	47860000	4.406915886742865e-37
chr11	49215000	49240000	chr11	49465000	49580000	3.1372943093067806e-11
chr11	57120000	57145000	chr11	57205000	57305000	4.750575704806368e-31
chr11	62720000	62735000	chr11	62790000	62855000	6.174970290220589e-10
chr11	68455000	68480000	chr11	68555000	68605000	0.0013849390539229813
chr11	70270000	70285000	chr11	70375000	70445000	0.00010710515124036521
chr11	71125000	71130000	chr11	71210000	71310000	2.802494888688056e-06
chr11	71460000	71475000	chr11	71545000	71600000	0.00026644000889840605
chr11	76595000	76620000	chr11	76665000	76710000	0.0001864310688949564
chr11	85700000	85705000	chr11	85780000	85825000	0.0016491520116999404
chr11	89680000	89685000	chr11	89980000	90105000	8.608006704116787e-09
chr11	90290000	90295000	chr11	90395000	90480000	1.8756621084915087e-10
chr11	92220000	92235000	chr11	92310000	92430000	3.343510210335519e-13
chr11	92400000	92415000	chr11	92500000	92565000	0.008096365065126178
chr11	102105000	102130000	chr11	102190000	102300000	4.7105545607569664e-14
chr11	108505000	108510000	chr11	108600000	108645000	0.0028330837844146007
chr11	111595000	111620000	chr11	111685000	111860000	1.2506410019933068e-46
chr11	114765000	114790000	chr11	114875000	115365000	1.1617566094316074e-61
chr11	122915000	122920000	chr11	122975000	123030000	7.294306759470862e-12
chr11	123745000	123760000	chr11	123975000	124060000	7.101704129014898e-05
chr11	129995000	130010000	chr11	130070000	130120000	0.008359708351192274
chr11	27660000	27710000	chr11	28100000	28115000	0.037688762639136876
chr11	35785000	35890000	chr11	36060000	36075000	0.0032676701481186713
chr11	47155000	47200000	chr11	47260000	47275000	0.021731048176926723
chr11	54960000	55005000	chr11	55090000	55095000	0.004974138616089289
chr11	55915000	55990000	chr11	56080000	56085000	5.4321923033046794e-06
chr11	54900000	54960000	chr11	56155000	56160000	0.00024375161115297586
chr11	67610000	67655000	chr11	67705000	67720000	3.9694859358640475e-09
chr11	82895000	82975000	chr11	83065000	83080000	1.0153071508859566e-05
chr11	89670000	89710000	chr11	89775000	89780000	4.421741549567732e-05
chr12	320000	335000	chr12	860000	940000	6.811916349883144e-07
chr12	7230000	7255000	chr12	7310000	7505000	5.997255081559364e-36
chr12	10250000	10265000	chr12	10480000	10590000	1.0763230539230768e-29
chr12	10590000	10605000	chr12	10675000	10740000	4.4941331849910364e-10
chr12	10775000	10800000	chr12	10895000	11100000	2.0584499745684027e-14
chr12	11230000	11235000	chr12	11290000	11510000	3.209590561266623e-165
chr12	11370000	11375000	chr12	11435000	11485000	6.567483355026416e-07
chr12	11725000	11750000	chr12	11815000	12035000	3.435287373007378e-10
chr12	14355000	14360000	chr12	14440000	14470000	0.035653897684925946
chr12	15780000	15795000	chr12	15850000	15910000	0.0001987278823060989
chr12	17400000	17405000	chr12	17850000	17950000	3.2491290199048e-13
chr12	17665000	17680000	chr12	17845000	18045000	5.147092755392009e-66
chr12	18430000	18445000	chr12	18520000	18875000	1.413216340671002e-23
chr12	23080000	23085000	chr12	23140000	23440000	1.7830034692466734e-48
chr12	28240000	28285000	chr12	28365000	28480000	0.0007738315197321795
chr12	33645000	33650000	chr12	33730000	33890000	2.6325505731568533e-14
chr12	38405000	38420000	chr12	38500000	38775000	1.0692694913378168e-15
chr12	39320000	39335000	chr12	39450000	39745000	1.196032715101043e-40
chr12	39695000	39700000	chr12	39880000	40150000	1.29970860483637e-16
chr12	39750000	39795000	chr12	39870000	40235000	6.420892968812837e-20
chr12	46425000	46430000	chr12	46630000	46685000	0.022465407378289278
chr12	49135000	49160000	chr12	49210000	49270000	2.04669447396704e-07
chr12	60555000	60570000	chr12	60825000	60875000	0.023206507982036367
chr12	60820000	60825000	chr12	60875000	61090000	8.833092943463851e-65
chr12	61260000	61295000	chr12	61345000	62010000	1.7128280263467314e-65
chr12	63660000	63675000	chr12	63910000	64035000	1.589904618254919e-09
chr12	67770000	67775000	chr12	67870000	67940000	2.862203458211821e-06
chr12	70255000	70270000	chr12	70325000	70370000	0.0018012059618372183
chr12	70855000	70870000	chr12	70930000	71035000	6.198907605999779e-08
chr12	72690000	72705000	chr12	72775000	73010000	6.191930287254932e-14
chr12	72935000	72960000	chr12	73020000	73730000	2.6178727399234855e-55
chr12	73100000	73105000	chr12	73180000	73370000	2.4112697032308594e-23
chr12	73335000	73370000	chr12	73445000	73675000	1.8653488265314554e-14
chr12	73445000	73450000	chr12	73530000	74060000	4.338227446727582e-23
chr12	73515000	73550000	chr12	73620000	73755000	2.733298247130604e-06
chr12	73600000	73605000	chr12	73690000	73880000	9.715294337965345e-14
chr12	74695000	74700000	chr12	74755000	75515000	2.0469272526055633e-264
chr12	78735000	78740000	chr12	78810000	78935000	6.643434796344651e-08
chr12	80315000	80320000	chr12	80385000	80415000	0.0012186705876186118
chr12	81855000	81870000	chr12	81945000	82135000	6.33218970465722e-16
chr12	81940000	81955000	chr12	82055000	82305000	0.00027633423012004616
chr12	84275000	84290000	chr12	84360000	84485000	4.135599456022741e-12
chr12	84340000	84375000	chr12	84430000	84565000	1.653369623566748e-20
chr12	84720000	84725000	chr12	84800000	84860000	3.5946858740450976e-11
chr12	85175000	85190000	chr12	85245000	85405000	2.6700547624587043e-10
chr12	86405000	86410000	chr12	86520000	87040000	3.3669225267435103e-44
chr12	86590000	86615000	chr12	86660000	87540000	2.5090650190624586e-89
chr12	86675000	86700000	chr12	86895000	86980000	0.0007364757202738095
chr12	87430000	87435000	chr12	87505000	87865000	4.504848182757093e-56
chr12	87500000	87515000	chr12	87570000	88005000	2.0088228377442287e-65
chr12	87755000	87780000	chr12	87845000	88080000	1.2232826251540134e-13
chr12	89345000	89360000	chr12	89415000	89480000	1.9922062353657317e-09
chr12	90410000	90425000	chr12	90485000	90950000	8.74280124823606e-40
chr12	93280000	93295000	chr12	93370000	93415000	0.03157851379891963
chr12	97635000	97650000	chr12	97770000	97865000	0.005414913909618691
chr12	99670000	99675000	chr12	99730000	99765000	4.273695035863766e-05
chr12	101475000	101500000	chr12	101580000	101770000	1.0275698083512514e-37
chr12	107680000	107705000	chr12	107875000	107940000	2.118494331487537e-05
chr12	108885000	108900000	chr12	109040000	109105000	0.015861046305567412
chr12	121135000	121140000	chr12	121205000	121230000	0.003295848448142795
chr12	130905000	130920000	chr12	131050000	131345000	4.116410491891681e-31
chr12	55000	95000	chr12	245000	260000	0.00014029301845169204
chr12	5425000	5560000	chr12	5640000	5665000	1.6208495194266382e-13
chr12	11195000	11315000	chr12	11365000	11380000	2.770107884249145e-23
chr12	11590000	11635000	chr12	11720000	11735000	0.006526065257067412
chr12	14230000	14295000	chr12	14350000	14365000	9.344943470346357e-21
chr12	17095000	17340000	chr12	17400000	17415000	8.182606656471864e-43
chr12	16890000	17600000	chr12	17670000	17685000	2.719329281146789e-76
chr12	23730000	23760000	chr12	24015000	24020000	0.01639625433383633
chr12	25380000	25450000	chr12	25495000	25530000	2.961504112585975e-05
chr12	32920000	33345000	chr12	33405000	33410000	6.938055455119325e-25
chr12	38080000	38185000	chr12	38195000	38210000	2.2612105069786643e-125
chr12	38355000	38410000	chr12	38575000	38580000	8.021847971963816e-10
chr12	53930000	53990000	chr12	54050000	54055000	1.9848093391966676e-11
chr12	55210000	55345000	chr12	55390000	55405000	1.8576157303637188e-110
chr12	57970000	58015000	chr12	58285000	58290000	9.018103343289795e-06
chr12	60575000	61030000	chr12	61265000	61300000	5.727857884332336e-23
chr12	69800000	69875000	chr12	70265000	70270000	0.036331237700838806
chr12	69900000	69980000	chr12	70315000	70340000	0.005359976557397584
chr12	72310000	72885000	chr12	72935000	72960000	1.7491187811011114e-39
chr12	72845000	73025000	chr12	73100000	73105000	1.1805554906328895e-06
chr12	72950000	73285000	chr12	73335000	73370000	1.469283315061478e-07
chr12	72895000	73005000	chr12	73445000	73450000	1.5154047051972409e-06
chr12	73050000	73170000	chr12	73600000	73605000	9.922388601328076e-08
chr12	81625000	81780000	chr12	81855000	81870000	1.1105803625098163e-05
chr12	83090000	83135000	chr12	83470000	83475000	0.046633120510956784
chr12	83845000	83900000	chr12	83975000	83980000	1.9957647344769933e-07
chr12	84035000	84145000	chr12	84270000	84285000	1.8613377780901284e-11
chr12	83870000	83950000	chr12	84340000	84375000	0.0008429740360170727
chr12	86000000	86055000	chr12	86150000	86165000	0.007871252226276666
chr12	85985000	86340000	chr12	86405000	86410000	2.8935884738793425e-29
chr12	86070000	86485000	chr12	86590000	86615000	2.40056026257067e-34
chr12	86250000	86460000	chr12	86680000	86695000	4.940135669920386e-10
chr12	87200000	87445000	chr12	87500000	87515000	3.4469668596495117e-38
chr12	87350000	87680000	chr12	87755000	87780000	1.3326258807588654e-09
chr12	89015000	89120000	chr12	89340000	89355000	3.272380155930799e-14
chr12	89550000	89625000	chr12	89700000	89715000	0.018938722421583648
chr12	90100000	90345000	chr12	90410000	90425000	4.3021769208148828e-16
chr12	90365000	90565000	chr12	90650000	90655000	1.0742355364901702e-32
chr12	114370000	114470000	chr12	114675000	114700000	8.440165567175006e-14
chr12	131575000	131635000	chr12	131700000	131705000	8.684980621552739e-06
chr12	132940000	132980000	chr12	133030000	133045000	0.022031429864299925
chr13	19865000	19870000	chr13	19935000	19960000	0.001972883286360124
chr13	24055000	24060000	chr13	24150000	24210000	3.607943072917254e-10
chr13	30660000	30685000	chr13	30805000	30875000	0.0011010483185442737
chr13	35060000	35065000	chr13	35475000	35560000	0.01754437735442489
chr13	35855000	35870000	chr13	35920000	35970000	7.226961425579027e-07
chr13	38085000	38100000	chr13	38165000	38250000	2.7852886844391176e-10
chr13	40825000	40830000	chr13	40890000	40980000	3.717221962615728e-15
chr13	49980000	50005000	chr13	50075000	50170000	1.9737265845376852e-06
chr13	52130000	52135000	chr13	52190000	52215000	1.6148050725840545e-08
chr13	52465000	52490000	chr13	52610000	52705000	7.285222019522689e-20
chr13	55590000	55605000	chr13	55675000	55745000	0.002706457013228138
chr13	55675000	55680000	chr13	55760000	56130000	1.996930204054543e-24
chr13	56000000	56005000	chr13	56620000	56720000	0.0016967624301167403
chr13	56025000	56080000	chr13	56150000	56300000	0.00011634079887797564
chr13	56430000	56435000	chr13	56695000	56740000	0.0032013736056932976
chr13	56890000	56905000	chr13	57060000	57110000	0.01350610268022486
chr13	62010000	62045000	chr13	62270000	62410000	3.5690313492036135e-05
chr13	63145000	63170000	chr13	63215000	63395000	9.43078031020585e-23
chr13	63250000	63255000	chr13	63515000	63645000	3.2036648160794545e-08
chr13	64350000	64365000	chr13	64445000	64600000	2.0859517459583466e-10
chr13	65795000	65800000	chr13	66050000	66120000	0.014020377334513822
chr13	67240000	67265000	chr13	67340000	67510000	3.4361731467074966e-32
chr13	69115000	69130000	chr13	69220000	69515000	1.7131426206453581e-22
chr13	69330000	69335000	chr13	69470000	69520000	0.0008990501646719388
chr13	69390000	69425000	chr13	69470000	69545000	0.0043593286523628625
chr13	69600000	69605000	chr13	69705000	69835000	1.169147839816156e-08
chr13	70165000	70170000	chr13	70230000	70590000	2.532261480369802e-13
chr13	72845000	72860000	chr13	72955000	73050000	0.004659990537777343
chr13	82360000	82365000	chr13	82430000	82650000	2.7356429736335517e-12
chr13	82560000	82585000	chr13	82655000	82990000	5.0372436809035633e-23
chr13	82645000	82660000	chr13	82710000	83165000	7.254957344008219e-49
chr13	83075000	83080000	chr13	83565000	83630000	0.009700629242055801
chr13	86050000	86055000	chr13	86290000	86480000	2.0645169725398674e-13
chr13	86110000	86135000	chr13	86360000	86700000	1.5501314893384399e-24
chr13	86190000	86205000	chr13	86285000	86730000	2.4785070458522214e-89
chr13	86585000	86600000	chr13	86655000	86905000	1.93352918807651e-39
chr13	86675000	86680000	chr13	86780000	86840000	0.00038042943041267024
chr13	87110000	87125000	chr13	87210000	87265000	0.007369849954134682
chr13	90010000	90015000	chr13	90115000	90240000	0.0010164861954856975
chr13	91805000	91820000	chr13	91885000	92090000	3.670282110260337e-07
chr13	92390000	92395000	chr13	92490000	92545000	0.0006297543366936599
chr13	92510000	92515000	chr13	92620000	92720000	1.0319161859016884e-06
chr13	98475000	98480000	chr13	98565000	98655000	8.4713907373318155e-16
chr13	98675000	98690000	chr13	98780000	98870000	7.015976462669217e-11
chr13	102685000	102690000	chr13	102760000	102805000	1.3087493253412295e-05
chr13	111655000	111680000	chr13	111860000	111935000	1.1282145864822896e-06
chr13	113660000	113675000	chr13	113730000	113960000	1.428328976323577e-44
chr13	34860000	34960000	chr13	35060000	35065000	3.927022650402454e-06
chr13	44020000	44070000	chr13	44125000	44140000	8.957598687541792e-07
chr13	50320000	50610000	chr13	50805000	50810000	1.194794571357855e-22
chr13	53245000	53275000	chr13	53395000	53400000	0.04238569967089617
chr13	55565000	55930000	chr13	55995000	56000000	7.283885796993051e-38
chr13	56605000	56670000	chr13	56760000	56765000	1.5435444443269723e-07
chr13	59660000	59770000	chr13	59895000	59910000	3.9040596810625544e-06
chr13	62870000	62915000	chr13	62980000	62995000	0.007391057234734471
chr13	63130000	63170000	chr13	63255000	63260000	0.0038326119028174056
chr13	63230000	63320000	chr13	63390000	63395000	1.7191064375946962e-18
chr13	63535000	63625000	chr13	63830000	63845000	2.5846336683001805e-11
chr13	64170000	64215000	chr13	64290000	64295000	0.0004915098087920642
chr13	64190000	64290000	chr13	64355000	64370000	1.7066671835576477e-08
chr13	64995000	65390000	chr13	65450000	65485000	2.318361389241984e-25
chr13	68860000	68980000	chr13	69325000	69340000	9.072619495730106e-08
chr13	69460000	70110000	chr13	70165000	70170000	9.443742641310565e-40
chr13	70110000	70160000	chr13	70225000	70230000	2.488019993379698e-07
chr13	70200000	70360000	chr13	70570000	70585000	4.2689048971752225e-11
chr13	82340000	82485000	chr13	82560000	82585000	7.452414078427648e-09
chr13	82335000	82575000	chr13	82645000	82660000	9.48988284100434e-33
chr13	82875000	82955000	chr13	83075000	83080000	0.0034731690015857722
chr13	82955000	83070000	chr13	83140000	83175000	0.04966667306313382
chr13	82855000	82955000	chr13	83505000	83510000	0.0017616739535826998
chr13	85970000	86050000	chr13	86115000	86130000	4.625148791653412e-13
chr13	85980000	86105000	chr13	86185000	86210000	1.1633582105375453e-07
chr13	86080000	86160000	chr13	86325000	86330000	0.015800458474514723
chr13	85980000	86525000	chr13	86585000	86600000	1.6504494734851529e-22
chr13	89870000	89995000	chr13	90065000	90100000	0.0033721668982972467
chr13	91415000	91450000	chr13	91875000	91880000	0.0458865286314052
chr13	91925000	92005000	chr13	92385000	92390000	0.012202564785964555
chr13	92140000	92450000	chr13	92505000	92520000	2.602764156552026e-22
chr13	98455000	98505000	chr13	98575000	98580000	0.00017042334495194112
chr14	23730000	23745000	chr14	23865000	23920000	0.004052979703574902
chr14	26735000	26750000	chr14	26960000	27020000	0.04337413022424237
chr14	31200000	31215000	chr14	31280000	31355000	1.5401245686590686e-09
chr14	54820000	54825000	chr14	54895000	54935000	0.04199119515824065
chr14	59720000	59725000	chr14	59850000	59885000	0.03943795119350514
chr14	60190000	60205000	chr14	60275000	60380000	5.8038241081687974e-05
chr14	67645000	67650000	chr14	67785000	67820000	0.0002314724723137775
chr14	70415000	70440000	chr14	70505000	70575000	2.940031314666996e-08
chr14	90115000	90120000	chr14	90185000	90210000	0.009998735625884436
chr14	19690000	19715000	chr14	20090000	20095000	0.019705878458519864
chr14	25180000	25235000	chr14	25770000	25775000	0.04044244862161387
chr14	50935000	50995000	chr14	51080000	51105000	0.03268502470739989
chr14	80330000	80445000	chr14	80840000	80855000	2.5146705612827705e-05
chr14	85075000	85215000	chr14	85515000	85540000	3.678171306016284e-06
chr14	87000000	87130000	chr14	87320000	87345000	1.2623138727773988e-05
chr14	89355000	89445000	chr14	89605000	89630000	0.005481849883236886
chr16	3175000	3200000	chr16	3445000	3530000	1.7720393325992978e-05
chr16	4705000	4720000	chr16	4820000	4900000	6.821576699041259e-08
chr16	8230000	8235000	chr16	8320000	8385000	9.941170673306382e-07
chr16	11535000	11540000	chr16	11615000	11675000	5.768445583519354e-10
chr16	18805000	18820000	chr16	18875000	18925000	0.0009181505653534661
chr16	19715000	19730000	chr16	19805000	19900000	3.343784820898158e-25
chr16	21390000	21405000	chr16	22310000	22400000	1.9370822005553468e-22
chr16	22340000	22345000	chr16	22410000	22470000	3.94818368647187e-07
chr16	24565000	24570000	chr16	24725000	24850000	4.044317737927916e-23
chr16	48670000	48695000	chr16	48920000	49370000	5.590918260191725e-17
chr16	65220000	65245000	chr16	65420000	65565000	7.131313505348292e-05
chr16	67565000	67570000	chr16	67620000	67655000	4.0338154135011856e-16
chr16	74505000	74510000	chr16	74585000	74630000	6.957992758096402e-05
chr16	810000	885000	chr16	950000	975000	8.257507098260531e-07
chr16	15010000	15170000	chr16	18120000	18145000	1.421663862292429e-77
chr16	18785000	18830000	chr16	18880000	18895000	8.42746051503775e-10
chr16	20845000	20915000	chr16	21000000	21005000	5.870212806565722e-09
chr16	21485000	21560000	chr16	22685000	22700000	1.561789467205858e-14
chr16	34630000	34675000	chr16	35935000	35940000	1.0668562490635552e-05
chr16	58800000	58895000	chr16	59025000	59060000	0.00021604220203850984
chr16	70105000	70140000	chr16	74525000	74540000	0.027152413163072344
chr17	310000	325000	chr17	380000	415000	0.02449480422456432
chr17	5445000	5460000	chr17	8470000	8520000	0.03811407174990138
chr17	13340000	13355000	chr17	13500000	13585000	3.408475423201794e-05
chr17	21660000	21685000	chr17	22115000	22525000	0.0
chr17	22310000	22315000	chr17	22435000	22515000	1.3864749975048762e-145
chr17	27060000	27085000	chr17	27230000	27780000	1.6119935283122123e-56
chr17	31560000	31575000	chr17	31695000	31870000	3.4666303943681946e-15
chr17	32365000	32370000	chr17	32435000	32490000	3.755657228405545e-15
chr17	33965000	33970000	chr17	34085000	34180000	1.9289714608874834e-07
chr17	39410000	39425000	chr17	39480000	39550000	3.971844880417381e-27
chr17	47385000	47390000	chr17	47595000	47655000	2.461879894195139e-08
chr17	66295000	66310000	chr17	66405000	66485000	2.0064741134724897e-05
chr17	70940000	70955000	chr17	71025000	71100000	4.1428766970958615e-06
chr17	76015000	76020000	chr17	76075000	76110000	6.402262743598529e-07
chr17	12190000	12565000	chr17	12655000	12680000	2.269151879697618e-27
chr17	20910000	21585000	chr17	21665000	21690000	4.164761297941195e-128
chr17	22145000	22195000	chr17	22435000	22450000	0.002093752705137681
chr17	31885000	32015000	chr17	32365000	32380000	1.151480862256045e-07
chr17	35880000	36220000	chr17	36220000	36225000	8.392745284646216e-56
chr17	59000000	59090000	chr17	59175000	59220000	0.0023742499007389653
chr17	61665000	62230000	chr17	62295000	62320000	8.299913174682429e-40
chr18	145000	170000	chr18	465000	695000	7.406759516840534e-06
chr18	2770000	2775000	chr18	2855000	2930000	4.9410945435358405e-09
chr18	3155000	3170000	chr18	3225000	3260000	0.0024286626790916864
chr18	3875000	3890000	chr18	3950000	4015000	1.3461603196989433e-10
chr18	10590000	10605000	chr18	10665000	10740000	4.6873349742740875e-09
chr18	29520000	29545000	chr18	29625000	29735000	0.0027126056376148094
chr18	30375000	30390000	chr18	30500000	30675000	1.4658989351320813e-05
chr18	30975000	30980000	chr18	31555000	31585000	0.011094969620649382
chr18	35010000	35035000	chr18	35105000	35185000	0.001844623878887906
chr18	37045000	37050000	chr18	37130000	37195000	5.260302578706815e-06
chr18	37575000	37580000	chr18	37655000	37790000	1.7192333109715087e-10
chr18	44665000	44690000	chr18	44875000	44985000	0.030127370236901454
chr18	58985000	58990000	chr18	59045000	59070000	0.0011873313505280782
chr18	67220000	67255000	chr18	67380000	67580000	4.886258355004006e-20
chr18	70200000	70215000	chr18	70280000	70460000	7.60589375077941e-18
chr18	74895000	74900000	chr18	74960000	74990000	1.1402358786086541e-05
chr18	1625000	1735000	chr18	1810000	1825000	0.0007624489558595978
chr18	8625000	8915000	chr18	8970000	8995000	8.17984184721018e-93
chr18	9095000	9215000	chr18	9330000	9335000	0.007641371509587202
chr18	29335000	29450000	chr18	29520000	29545000	5.903410376817044e-07
chr18	32265000	32320000	chr18	32465000	32480000	0.02272820745495468
chr18	36075000	36205000	chr18	36285000	36290000	6.62656947309099e-19
chr18	57045000	57130000	chr18	57345000	57360000	0.0002873537134771276
chr18	64040000	64085000	chr18	64335000	64340000	0.029179348948588864
chr18	64955000	65015000	chr18	65095000	65100000	1.2510006657128281e-05
chr18	70755000	70870000	chr18	71080000	71085000	4.5810808629293363e-10
chr18	70875000	71220000	chr18	71375000	71380000	1.938759298861032e-29
chr18	71430000	71555000	chr18	71665000	71670000	0.0002504405605137696
chr19	6050000	6055000	chr19	6105000	6415000	2.7513881665814987e-62
chr19	15630000	15635000	chr19	16125000	16180000	0.0008116289299580359
chr19	20005000	20010000	chr19	20110000	20180000	2.076360931656197e-07
chr19	21010000	21035000	chr19	21125000	21200000	0.004368714448780626
chr19	21485000	21510000	chr19	21660000	21740000	0.047533472316023374
chr19	34230000	34245000	chr19	34315000	34375000	2.7361832158456214e-07
chr19	46845000	46870000	chr19	46960000	47075000	8.297448384063767e-27
chr19	19975000	20045000	chr19	20110000	20125000	1.6436887097295985e-11
chr20	80000	85000	chr20	165000	545000	0.0
chr20	1010000	1015000	chr20	1085000	1125000	1.9458854864988018e-07
chr20	1530000	1535000	chr20	1595000	1815000	2.8609313838198067e-86
chr20	3420000	3425000	chr20	3500000	3535000	0.001012626299570558
chr20	5325000	5330000	chr20	5395000	5470000	1.725206662644862e-07
chr20	7635000	7640000	chr20	7770000	7895000	0.0010189609599987458
chr20	9515000	9530000	chr20	9580000	9620000	7.332502283843853e-10
chr20	12370000	12385000	chr20	12445000	12610000	3.8848114404368125e-11
chr20	12590000	12605000	chr20	12695000	12970000	3.592300033315986e-07
chr20	21375000	21400000	chr20	21460000	21535000	1.8599465108813077e-10
chr20	36005000	36010000	chr20	36085000	36135000	3.926476706937367e-05
chr20	56000000	56015000	chr20	56125000	56195000	0.0012993695625416676
chr20	59620000	59635000	chr20	59700000	59735000	0.0026287318479720034
chr20	59785000	59800000	chr20	59845000	59900000	0.001364088632195577
chr20	7255000	7305000	chr20	7370000	7375000	4.095675424741789e-09
chr20	7520000	7630000	chr20	7720000	7725000	4.908426300164433e-07
chr20	8135000	8205000	chr20	8470000	8485000	0.0003992956954764537
chr20	8810000	8855000	chr20	9065000	9070000	0.03360115186357796
chr20	12145000	12285000	chr20	12370000	12385000	3.776412467117853e-12
chr20	12355000	12465000	chr20	12600000	12605000	1.0138120157881658e-12
chr20	21030000	21120000	chr20	21385000	21410000	0.009692185034288469
chr20	21715000	21840000	chr20	21995000	22000000	2.2496333747827334e-05
chr20	24450000	24835000	chr20	24920000	24925000	4.2148303656628503e-32
chr20	24925000	25685000	chr20	25740000	25765000	7.263585234192818e-83
chr20	24955000	25680000	chr20	25850000	25875000	0.0
chr20	25225000	25680000	chr20	25980000	26005000	0.0
chr20	35680000	35795000	chr20	35885000	35890000	1.4264785893860944e-12
chr20	41485000	41540000	chr20	41615000	41620000	2.4910874467433267e-12
chr20	48655000	48745000	chr20	48815000	48830000	2.9296685787550963e-19
chr20	53570000	53645000	chr20	53735000	53750000	0.0339832696587892
chr20	56155000	56250000	chr20	56345000	56350000	2.4525154137266355e-39
chr21	5225000	5230000	chr21	5230000	5290000	1.3351075205953125e-65
chr21	14430000	14455000	chr21	14715000	14815000	3.740671849015797e-09
chr21	23115000	23140000	chr21	23365000	23480000	1.025330106093847e-11
chr21	25285000	25300000	chr21	25355000	25405000	5.715604398226108e-07
chr21	29155000	29170000	chr21	29310000	29400000	4.542263840913488e-05
chr21	33645000	33660000	chr21	33720000	33785000	0.000690180141412057
chr21	37250000	37275000	chr21	37360000	37440000	0.009654378395225231
chr21	46555000	46570000	chr21	46630000	46680000	0.04121915803891098
chr21	13145000	13195000	chr21	13515000	13520000	4.705324239333072e-20
chr21	13005000	13050000	chr21	14005000	14010000	0.014023127885563567
chr21	16935000	17010000	chr21	17250000	17275000	0.023034484396010114
chr21	37215000	37290000	chr21	37350000	37375000	1.9071684613493653e-05
chr22	11545000	11560000	chr22	11610000	11645000	2.4383933139233235e-28
chr22	12280000	12285000	chr22	12565000	12645000	4.800615501974065e-162
chr22	15410000	15425000	chr22	15425000	15460000	0.00013369334118650455
chr22	15815000	15820000	chr22	16075000	16200000	2.560947197160103e-24
chr22	16385000	16400000	chr22	16690000	16740000	0.023079491632331733
chr22	18515000	18550000	chr22	21585000	21660000	0.0003990931962473467
chr22	20610000	20625000	chr22	20675000	20715000	1.588713045464595e-08
chr22	28690000	28695000	chr22	28785000	28825000	7.854119811328942e-05
chr22	30955000	30980000	chr22	31050000	31155000	3.0608165759618048e-21
chr22	34400000	34425000	chr22	34980000	35130000	1.588885320760422e-08
chr22	45870000	45885000	chr22	45940000	46005000	1.4698134636844948e-25
chr22	46155000	46160000	chr22	46235000	46290000	3.887403672570125e-12
chr22	47215000	47220000	chr22	47550000	47630000	6.425605006669432e-07
chr22	49050000	49055000	chr22	49135000	49195000	9.788834208001101e-05
chr22	11810000	11935000	chr22	12035000	12060000	1.5694400190695905e-234
chr22	15345000	15400000	chr22	15465000	15470000	5.924076891747339e-22
chr22	16245000	16295000	chr22	16390000	16405000	1.8538957242741631e-09
chr22	25530000	25585000	chr22	25695000	25700000	0.009693275863361571
chr22	28030000	28280000	chr22	28430000	28455000	4.1697427918331306e-06
chr22	29330000	29390000	chr22	29525000	29530000	3.635314217028193e-05
chr22	40905000	41010000	chr22	41080000	41095000	5.467470839671448e-27
chr22	46545000	46595000	chr22	46675000	46690000	6.755901651409168e-05
chrX	15000	20000	chrX	250000	380000	1.9472152269691713e-179
chrX	95000	100000	chrX	255000	340000	2.3577120159501634e-46
chrX	12970000	12995000	chrX	13140000	13250000	0.02615661217113927
chrX	24070000	24095000	chrX	24160000	24275000	1.9374434057675824e-17
chrX	24400000	24405000	chrX	24465000	24530000	7.463114196459566e-10
chrX	40180000	40185000	chrX	40245000	40300000	7.063708135708193e-08
chrX	49920000	49935000	chrX	50020000	50075000	0.011227698280964201
chrX	50105000	50110000	chrX	50170000	50220000	1.8204497819862974e-14
chrX	56990000	57015000	chrX	57090000	57155000	0.002357949892674147
chrX	65740000	65755000	chrX	65970000	66035000	0.00228023098864682
chrX	70995000	71030000	chrX	71130000	71215000	0.014869247704395273
chrX	87325000	87350000	chrX	87590000	87725000	0.00041373824123323654
chrX	92100000	92115000	chrX	92210000	92275000	0.00258285580140468
chrX	96760000	96775000	chrX	96970000	97075000	0.0014785265001258838
chrX	100060000	100085000	chrX	100330000	100405000	0.0277619002257712
chrX	116405000	116410000	chrX	118040000	118100000	0.0065542215077842615
chrX	117990000	118015000	chrX	118155000	118270000	2.569844041140484e-09
chrX	125135000	125140000	chrX	125340000	125390000	0.004340155192549032
chrX	132095000	132120000	chrX	132170000	132240000	0.0022319038432660134
chrX	134795000	134810000	chrX	134890000	135110000	1.0839241368174999e-07
chrX	137570000	137595000	chrX	137670000	137795000	2.0598632919767263e-06
chrX	144410000	144425000	chrX	144485000	144555000	3.0507367845773133e-07
chrX	145815000	145840000	chrX	145890000	145965000	0.0005300545518657808
chrX	152660000	152685000	chrX	152785000	152850000	0.0436885229167847
chrX	155440000	155445000	chrX	155530000	155565000	0.022736823797780224
chrX	16430000	16500000	chrX	16570000	16585000	7.289543239784735e-07
chrX	17735000	17940000	chrX	18195000	18220000	1.809062325541325e-15
chrX	38765000	38870000	chrX	38975000	38990000	2.5918499259889796e-06
chrX	62950000	63105000	chrX	63185000	63200000	4.772982102384283e-27
chrX	85075000	85380000	chrX	85530000	85555000	1.238285801321193e-10
chrX	92440000	92490000	chrX	92605000	92610000	0.02625017315217965
chrX	113910000	113985000	chrX	114030000	114055000	1.0024836794784211e-18
chrX	115335000	115415000	chrX	115540000	115565000	0.04144737505462271
chrX	134790000	134815000	chrX	134905000	134910000	0.021603919689088563
chrX	150780000	150915000	chrX	150970000	150995000	6.316050221111131e-09
chrX	152980000	153090000	chrX	153255000	153290000	7.6078777762784285e-06
